207

207

207


Start: (255.0, 230.0),
Destination: (165.0, 110.0)
[(255.0, 240.0), (240.0, 255.0), (220.0, 255.0), (205.0, 240.0), (205.0, 220.0), (205.0, 200.0), (205.0, 180.0), (205.0, 160.0), (205.0, 140.0), (200.0, 135.0), (180.0, 135.0), (165.0, 120.0), (165.0, 110.0)]
Route1 distance: 220.71067811865476
[(255.0, 240.0), (240.0, 255.0), (220.0, 255.0), (205.0, 240.0), (205.0, 220.0), (205.0, 200.0), (205.0, 180.0), (200.0, 175.0), (180.0, 175.0), (165.0, 160.0), (165.0, 140.0), (165.0, 120.0), (165.0, 110.0)]
Route2 distance: 220.71067811865476


Start: (255.0, 30.0),
Destination: (70.0, 45.0)
[(255.0, 40.0), (240.0, 55.0), (220.0, 55.0), (215.0, 60.0), (215.0, 80.0), (200.0, 95.0), (180.0, 95.0), (160.0, 95.0), (140.0, 95.0), (120.0, 95.0), (100.0, 95.0), (80.0, 95.0), (60.0, 95.0), (45.0, 80.0), (45.0, 60.0), (60.0, 45.0), (70.0, 45.0)]
Route1 distance: 301.9238815542512
[(255.0, 40.0), (240.0, 55.0), (220.0, 55.0), (205.0, 40.0), (205.0, 20.0), (200.0, 15.0), (180.0, 15.0), (160.0, 15.0), (140.0, 15.0), (120.0, 15.0), (100.0, 15.0), (80.0, 15.0), (60.0, 15.0), (55.0, 20.0), (55.0, 40.0), (60.0, 45.0), (70.0, 45.0)]
Route2 distance: 273.6396103067893


Start: (175.0, 70.0),
Destination: (30.0, 165.0)
[(175.0, 80.0), (160.0, 95.0), (140.0, 95.0), (135.0, 100.0), (135.0, 120.0), (120.0, 135.0), (100.0, 135.0), (80.0, 135.0), (60.0, 135.0), (40.0, 135.0), (20.0, 135.0), (15.0, 140.0), (15.0, 160.0), (20.0, 165.0), (30.0, 165.0)]
Route1 distance: 233.63961030678928
[(175.0, 80.0), (160.0, 95.0), (140.0, 95.0), (120.0, 95.0), (100.0, 95.0), (95.0, 100.0), (95.0, 120.0), (80.0, 135.0), (60.0, 135.0), (40.0, 135.0), (20.0, 135.0), (15.0, 140.0), (15.0, 160.0), (20.0, 165.0), (30.0, 165.0)]
Route2 distance: 233.63961030678928


Start: (335.0, 350.0),
Destination: (255.0, 110.0)
[(335.0, 360.0), (320.0, 375.0), (300.0, 375.0), (285.0, 360.0), (285.0, 340.0), (280.0, 335.0), (260.0, 335.0), (245.0, 320.0), (245.0, 300.0), (245.0, 280.0), (245.0, 260.0), (245.0, 240.0), (245.0, 220.0), (245.0, 200.0), (245.0, 180.0), (245.0, 160.0), (245.0, 140.0), (260.0, 125.0), (280.0, 125.0), (285.0, 120.0), (285.0, 100.0), (280.0, 95.0), (260.0, 
95.0), (255.0, 100.0), (255.0, 110.0)]
Route1 distance: 423.1370849898476
[(335.0, 360.0), (320.0, 375.0), (300.0, 375.0), (285.0, 360.0), (285.0, 340.0), (285.0, 320.0), (285.0, 300.0), (285.0, 280.0), (285.0, 260.0), (285.0, 240.0), (285.0, 220.0), (285.0, 200.0), (285.0, 180.0), (285.0, 160.0), (285.0, 140.0), (285.0, 120.0), (285.0, 100.0), (280.0, 95.0), (260.0, 95.0), (255.0, 100.0), (255.0, 110.0)]
Route2 distance: 366.5685424949238


Start: (110.0, 45.0),
Destination: (190.0, 245.0)
[(120.0, 45.0), (135.0, 60.0), (135.0, 80.0), (135.0, 100.0), (135.0, 120.0), (135.0, 140.0), (135.0, 160.0), (135.0, 180.0), (135.0, 200.0), (140.0, 205.0), (160.0, 205.0), (175.0, 220.0), (175.0, 240.0), (180.0, 245.0), (190.0, 245.0)]   
Route1 distance: 246.5685424949238
[(120.0, 45.0), (135.0, 60.0), (135.0, 80.0), (135.0, 100.0), (135.0, 120.0), (135.0, 140.0), (135.0, 160.0), (140.0, 165.0), (160.0, 165.0), (175.0, 180.0), (175.0, 200.0), (175.0, 220.0), (175.0, 240.0), (180.0, 245.0), (190.0, 245.0)]   
Route2 distance: 246.5685424949238


Start: (70.0, 295.0),
Destination: (310.0, 165.0)
[(60.0, 295.0), (45.0, 280.0), (45.0, 260.0), (60.0, 245.0), (80.0, 245.0), (100.0, 245.0), (120.0, 245.0), (140.0, 245.0), (160.0, 245.0), (180.0, 245.0), (200.0, 245.0), (205.0, 240.0), (205.0, 220.0), (220.0, 205.0), (240.0, 205.0), (245.0, 200.0), (245.0, 180.0), (260.0, 165.0), (280.0, 165.0), (300.0, 165.0), (310.0, 165.0)]
Route1 distance: 368.99494936611666
[(60.0, 295.0), (45.0, 280.0), (45.0, 260.0), (60.0, 245.0), (80.0, 245.0), (85.0, 240.0), (85.0, 220.0), (100.0, 205.0), (120.0, 205.0), (125.0, 200.0), (125.0, 180.0), (140.0, 165.0), (160.0, 165.0), (180.0, 165.0), (200.0, 165.0), (220.0, 165.0), (240.0, 165.0), (260.0, 165.0), (280.0, 165.0), (300.0, 165.0), (310.0, 165.0)]
Route2 distance: 368.99494936611666


Start: (310.0, 125.0),
Destination: (255.0, 310.0)
[(320.0, 125.0), (335.0, 140.0), (335.0, 160.0), (320.0, 175.0), (300.0, 175.0), (295.0, 180.0), (295.0, 200.0), (295.0, 220.0), (295.0, 240.0), (295.0, 260.0), (295.0, 280.0), (280.0, 295.0), (260.0, 295.0), (255.0, 300.0), (255.0, 310.0)]Route1 distance: 247.78174593052023
[(320.0, 125.0), (335.0, 140.0), (335.0, 160.0), (335.0, 180.0), (335.0, 200.0), (320.0, 215.0), (300.0, 215.0), (295.0, 220.0), (295.0, 240.0), (295.0, 260.0), (295.0, 280.0), (280.0, 295.0), (260.0, 295.0), (255.0, 300.0), (255.0, 310.0)]Route2 distance: 247.78174593052023


Start: (270.0, 335.0),
Destination: (85.0, 110.0)
[(260.0, 335.0), (245.0, 320.0), (245.0, 300.0), (240.0, 295.0), (220.0, 295.0), (205.0, 280.0), (205.0, 260.0), (200.0, 255.0), (180.0, 255.0), (165.0, 240.0), (165.0, 220.0), (165.0, 200.0), (165.0, 180.0), (160.0, 175.0), (140.0, 175.0), (125.0, 160.0), (125.0, 140.0), (120.0, 135.0), (100.0, 135.0), (85.0, 120.0), (85.0, 110.0)]
Route1 distance: 344.35028842544403
[(260.0, 335.0), (245.0, 320.0), (245.0, 300.0), (245.0, 280.0), (245.0, 260.0), (245.0, 240.0), (245.0, 220.0), (240.0, 215.0), (220.0, 215.0), (205.0, 200.0), (205.0, 180.0), (200.0, 175.0), (180.0, 175.0), (160.0, 175.0), (140.0, 175.0), (125.0, 160.0), (125.0, 140.0), (120.0, 135.0), (100.0, 135.0), (85.0, 120.0), (85.0, 110.0)]
Route2 distance: 356.06601717798213


Start: (255.0, 190.0),
Destination: (70.0, 335.0)
[(255.0, 200.0), (240.0, 215.0), (220.0, 215.0), (215.0, 220.0), (215.0, 240.0), (200.0, 255.0), (180.0, 255.0), (160.0, 255.0), (140.0, 255.0), (135.0, 260.0), (135.0, 280.0), (120.0, 295.0), (100.0, 295.0), (95.0, 300.0), (95.0, 320.0), (80.0, 335.0), (70.0, 335.0)]
Route1 distance: 276.06601717798213
[(255.0, 200.0), (240.0, 215.0), (220.0, 215.0), (215.0, 220.0), (215.0, 240.0), (200.0, 255.0), (180.0, 255.0), (175.0, 260.0), (175.0, 280.0), (160.0, 295.0), (140.0, 295.0), (135.0, 300.0), (135.0, 320.0), (120.0, 335.0), (100.0, 335.0), (80.0, 335.0), (70.0, 335.0)]
Route2 distance: 276.06601717798213


Start: (85.0, 350.0),
Destination: (335.0, 30.0)
[(85.0, 340.0), (100.0, 325.0), (120.0, 325.0), (140.0, 325.0), (160.0, 325.0), (165.0, 320.0), (165.0, 300.0), (180.0, 
285.0), (200.0, 285.0), (220.0, 285.0), (240.0, 285.0), (245.0, 280.0), (245.0, 260.0), (260.0, 245.0), (280.0, 245.0), 
(285.0, 240.0), (285.0, 220.0), (285.0, 200.0), (285.0, 180.0), (300.0, 165.0), (320.0, 165.0), (325.0, 160.0), (325.0, 
140.0), (340.0, 125.0), (360.0, 125.0), (365.0, 120.0), (365.0, 100.0), (365.0, 80.0), (365.0, 60.0), (365.0, 40.0), (365.0, 20.0), (360.0, 15.0), (340.0, 15.0), (335.0, 20.0), (335.0, 30.0)]
Route1 distance: 585.5634918610406
[(85.0, 340.0), (100.0, 325.0), (120.0, 325.0), (140.0, 325.0), (160.0, 325.0), (165.0, 320.0), (165.0, 300.0), (180.0, 
285.0), (200.0, 285.0), (220.0, 285.0), (240.0, 285.0), (245.0, 280.0), (245.0, 260.0), (260.0, 245.0), (280.0, 245.0), 
(285.0, 240.0), (285.0, 220.0), (300.0, 205.0), (320.0, 205.0), (325.0, 200.0), (325.0, 180.0), (340.0, 165.0), (360.0, 
165.0), (365.0, 160.0), (365.0, 140.0), (365.0, 120.0), (365.0, 100.0), (365.0, 80.0), (365.0, 60.0), (365.0, 40.0), (365.0, 20.0), (360.0, 15.0), (340.0, 15.0), (335.0, 20.0), (335.0, 30.0)]
Route2 distance: 585.5634918610406


Start: (175.0, 190.0),
Destination: (270.0, 335.0)
[(175.0, 200.0), (175.0, 220.0), (175.0, 240.0), (180.0, 245.0), (200.0, 245.0), (215.0, 260.0), (215.0, 280.0), (215.0, 300.0), (215.0, 320.0), (220.0, 325.0), (240.0, 325.0), (255.0, 340.0), (255.0, 360.0), (260.0, 365.0), (280.0, 365.0), (285.0, 360.0), (285.0, 340.0), (280.0, 335.0), (270.0, 335.0)]
Route1 distance: 287.78174593052023
[(175.0, 200.0), (175.0, 220.0), (175.0, 240.0), (180.0, 245.0), (200.0, 245.0), (215.0, 260.0), (215.0, 280.0), (220.0, 285.0), (240.0, 285.0), (255.0, 300.0), (255.0, 320.0), (255.0, 340.0), (255.0, 360.0), (260.0, 365.0), (280.0, 365.0), (285.0, 360.0), (285.0, 340.0), (280.0, 335.0), (270.0, 335.0)]
Route2 distance: 287.78174593052023


Start: (70.0, 215.0),
Destination: (270.0, 45.0)
[(60.0, 215.0), (45.0, 200.0), (45.0, 180.0), (60.0, 165.0), (80.0, 165.0), (100.0, 165.0), (120.0, 165.0), (125.0, 160.0), (125.0, 140.0), (140.0, 125.0), (160.0, 125.0), (165.0, 120.0), (165.0, 100.0), (180.0, 85.0), (200.0, 85.0), (220.0, 85.0), (240.0, 85.0), (245.0, 80.0), (245.0, 60.0), (260.0, 45.0), (270.0, 45.0)]
Route1 distance: 357.27922061357856
[(60.0, 215.0), (45.0, 200.0), (45.0, 180.0), (60.0, 165.0), (80.0, 165.0), (85.0, 160.0), (85.0, 140.0), (100.0, 125.0), (120.0, 125.0), (140.0, 125.0), (160.0, 125.0), (165.0, 120.0), (165.0, 100.0), (180.0, 85.0), (200.0, 85.0), (220.0, 
85.0), (240.0, 85.0), (245.0, 80.0), (245.0, 60.0), (260.0, 45.0), (270.0, 45.0)]
Route2 distance: 357.27922061357856


Start: (190.0, 165.0),
Destination: (310.0, 245.0)
[(200.0, 165.0), (220.0, 165.0), (240.0, 165.0), (255.0, 180.0), (255.0, 200.0), (255.0, 220.0), (255.0, 240.0), (260.0, 245.0), (280.0, 245.0), (300.0, 245.0), (310.0, 245.0)]
Route1 distance: 178.2842712474619
[(200.0, 165.0), (220.0, 165.0), (240.0, 165.0), (255.0, 180.0), (255.0, 200.0), (260.0, 205.0), (280.0, 205.0), (295.0, 220.0), (295.0, 240.0), (300.0, 245.0), (310.0, 245.0)]
Route2 distance: 166.5685424949238


Start: (70.0, 205.0),
Destination: (310.0, 335.0)
[(80.0, 205.0), (95.0, 220.0), (95.0, 240.0), (100.0, 245.0), (120.0, 245.0), (135.0, 260.0), (135.0, 280.0), (140.0, 285.0), (160.0, 285.0), (180.0, 285.0), (200.0, 285.0), (215.0, 300.0), (215.0, 320.0), (220.0, 325.0), (240.0, 325.0), (255.0, 340.0), (255.0, 360.0), (260.0, 365.0), (280.0, 365.0), (300.0, 365.0), (320.0, 365.0), (325.0, 360.0), (325.0, 340.0), (320.0, 335.0), (310.0, 335.0)]
Route1 distance: 397.27922061357856
[(80.0, 205.0), (95.0, 220.0), (95.0, 240.0), (100.0, 245.0), (120.0, 245.0), (135.0, 260.0), (135.0, 280.0), (140.0, 285.0), (160.0, 285.0), (175.0, 300.0), (175.0, 320.0), (180.0, 325.0), (200.0, 325.0), (220.0, 325.0), (240.0, 325.0), (255.0, 340.0), (255.0, 360.0), (260.0, 365.0), (280.0, 365.0), (300.0, 365.0), (320.0, 365.0), (325.0, 360.0), (325.0, 340.0), (320.0, 335.0), (310.0, 335.0)]
Route2 distance: 397.27922061357856


Start: (85.0, 310.0),
Destination: (190.0, 55.0)
[(85.0, 300.0), (100.0, 285.0), (120.0, 285.0), (125.0, 280.0), (125.0, 260.0), (125.0, 240.0), (125.0, 220.0), (125.0, 
200.0), (125.0, 180.0), (140.0, 165.0), (160.0, 165.0), (165.0, 160.0), (165.0, 140.0), (165.0, 120.0), (165.0, 100.0), 
(180.0, 85.0), (200.0, 85.0), (205.0, 80.0), (205.0, 60.0), (200.0, 55.0), (190.0, 55.0)]
Route1 distance: 341.9238815542512
[(85.0, 300.0), (100.0, 285.0), (120.0, 285.0), (125.0, 280.0), (125.0, 260.0), (125.0, 240.0), (125.0, 220.0), (125.0, 
200.0), (125.0, 180.0), (125.0, 160.0), (125.0, 140.0), (140.0, 125.0), (160.0, 125.0), (165.0, 120.0), (165.0, 100.0), 
(180.0, 85.0), (200.0, 85.0), (205.0, 80.0), (205.0, 60.0), (200.0, 55.0), (190.0, 55.0)]
Route2 distance: 341.9238815542512


Start: (70.0, 165.0),
Destination: (175.0, 30.0)
[(80.0, 165.0), (100.0, 165.0), (120.0, 165.0), (125.0, 160.0), (125.0, 140.0), (140.0, 125.0), (160.0, 125.0), (165.0, 
120.0), (165.0, 100.0), (180.0, 85.0), (200.0, 85.0), (205.0, 80.0), (205.0, 60.0), (205.0, 40.0), (205.0, 20.0), (200.0, 15.0), (180.0, 15.0), (175.0, 20.0), (175.0, 30.0)]
Route1 distance: 287.78174593052023
[(80.0, 165.0), (85.0, 160.0), (85.0, 140.0), (85.0, 120.0), (85.0, 100.0), (85.0, 80.0), (85.0, 60.0), (100.0, 45.0), (120.0, 45.0), (125.0, 40.0), (125.0, 20.0), (140.0, 5.0), (160.0, 5.0), (175.0, 20.0), (175.0, 30.0)]
Route2 distance: 247.78174593052023


Start: (165.0, 150.0),
Destination: (70.0, 245.0)
[(165.0, 140.0), (160.0, 135.0), (140.0, 135.0), (120.0, 135.0), (100.0, 135.0), (95.0, 140.0), (95.0, 160.0), (80.0, 175.0), (60.0, 175.0), (55.0, 180.0), (55.0, 200.0), (55.0, 220.0), (55.0, 240.0), (60.0, 245.0), (70.0, 245.0)]
Route1 distance: 219.49747468305833
[(165.0, 140.0), (160.0, 135.0), (140.0, 135.0), (135.0, 140.0), (135.0, 160.0), (120.0, 175.0), (100.0, 175.0), (95.0, 
180.0), (95.0, 200.0), (80.0, 215.0), (60.0, 215.0), (55.0, 220.0), (55.0, 240.0), (60.0, 245.0), (70.0, 245.0)]        
Route2 distance: 207.78174593052023


Start: (350.0, 175.0),
Destination: (110.0, 285.0)
[(340.0, 175.0), (320.0, 175.0), (300.0, 175.0), (280.0, 175.0), (260.0, 175.0), (255.0, 180.0), (255.0, 200.0), (240.0, 215.0), (220.0, 215.0), (215.0, 220.0), (215.0, 240.0), (200.0, 255.0), (180.0, 255.0), (160.0, 255.0), (140.0, 255.0), (120.0, 255.0), (100.0, 255.0), (95.0, 260.0), (95.0, 280.0), (100.0, 285.0), (110.0, 285.0)]
Route1 distance: 340.71067811865476
[(340.0, 175.0), (320.0, 175.0), (300.0, 175.0), (280.0, 175.0), (260.0, 175.0), (240.0, 175.0), (220.0, 175.0), (200.0, 175.0), (180.0, 175.0), (160.0, 175.0), (140.0, 175.0), (135.0, 180.0), (135.0, 200.0), (135.0, 220.0), (135.0, 240.0), (120.0, 255.0), (100.0, 255.0), (95.0, 260.0), (95.0, 280.0), (100.0, 285.0), (110.0, 285.0)]
Route2 distance: 352.42640687119285


Start: (85.0, 230.0),
Destination: (255.0, 230.0)
[(85.0, 220.0), (100.0, 205.0), (120.0, 205.0), (140.0, 205.0), (160.0, 205.0), (180.0, 205.0), (200.0, 205.0), (220.0, 
205.0), (240.0, 205.0), (255.0, 220.0), (255.0, 230.0)]
Route1 distance: 192.42640687119285
[(85.0, 220.0), (100.0, 205.0), (120.0, 205.0), (125.0, 200.0), (125.0, 180.0), (140.0, 165.0), (160.0, 165.0), (180.0, 
165.0), (200.0, 165.0), (220.0, 165.0), (240.0, 165.0), (255.0, 180.0), (255.0, 200.0), (255.0, 220.0), (255.0, 230.0)] 
Route2 distance: 260.71067811865476


Start: (165.0, 270.0),
Destination: (190.0, 175.0)
[(165.0, 260.0), (180.0, 245.0), (200.0, 245.0), (205.0, 240.0), (205.0, 220.0), (205.0, 200.0), (205.0, 180.0), (200.0, 175.0), (190.0, 175.0)]
Route1 distance: 125.35533905932738
[(165.0, 260.0), (165.0, 240.0), (165.0, 220.0), (180.0, 205.0), (200.0, 205.0), (205.0, 200.0), (205.0, 180.0), (200.0, 175.0), (190.0, 175.0)]
Route2 distance: 125.35533905932738